order=19
line_sum=190000361
prime_range=9666061..10254767
9976933 9959311 10006649 9985553 9959611 9983579 10037957 10049671 10045423 10031191 9973597 9957697 9955823 9969931 10048303 10007267 10044509 10044547 9962809
9952303 10038829 9962047 10034447 9981731 9985799 10049243 10012111 10003759 10001363 9961981 9987577 10006187 9986257 10037507 9950539 9999929 10049519 9999233
10032769 10043171 10014167 10021769 9968551 10024727 10015813 9979927 9972973 9966941 9979283 9994169 9956537 10042679 9984229 9965743 10034399 10040827 9961687
10032713 9970001 9994913 9976639 10046719 10016051 10045421 9987157 9973261 9987317 9984677 10025287 9968891 9998143 9998201 9961141 9989071 10042691 10002067
10011557 10033169 10038533 10023631 9993743 9976333 9960187 10044847 9960971 9968449 9976037 9957599 10026683 9970237 10044271 10022279 9982097 10002397 10007341
10021853 10018289 10029791 9977269 10008827 9986917 10022149 9954761 9959827 9997621 9974273 10007873 9980291 10017977 10007741 9976003 10013501 10027151 10018247
10033831 9998117 10003337 10029259 9977411 10022099 10024363 10040879 10013761 9984649 9991123 9979271 10015801 9952093 9958303 9991441 10049639 9965413 9969571
9989171 10029433 10034803 10013917 9976763 9970223 10017893 10006351 10024507 9985207 9974771 9993701 9962651 9986213 10002029 10007443 10029067 10032041 9964177
9998929 9976289 9988309 10008409 10016273 9970151 10027067 10032203 10004303 10014467 9997747 9997661 9990493 9987427 9985187 10032179 9970291 10045219 9957757
9995101 10041197 10014997 9973049 10025497 9976669 10007359 10043459 10000481 9956819 9998777 10013807 10030873 10001401 10007983 10001213 9965051 9980297 9966331
10010827 9976789 9971207 9989389 9993869 9969611 9959051 9957347 10037477 9953129 10029653 10004557 10032199 10038839 10044431 9992621 10042841 9977951 10018573
9963299 10049783 9962951 10002847 10035163 10042073 10008923 10022669 9989323 10019771 10003501 9966001 9990163 9950879 10034971 9953947 10012727 9977683 10013687
9979273 10033189 10011367 9960763 10014757 9997831 9985033 9985961 10045213 9972583 10002563 9951191 10006097 10032083 9975619 10004879 10014079 9990857 10037023
10037789 10032017 10021883 10016719 10038247 10013749 9998249 9959219 9973021 9956311 10049959 10042843 10021247 9958133 9953219 9969523 9950063 9967189 10040981
9980279 10010281 10018651 9962753 9990683 10019533 9964961 10026493 10030331 10013611 10044659 10038059 10027327 9952441 9994603 9961613 10000657 9983609 9979817
10008491 10028107 10020253 9989899 9964597 9982099 10025383 9971251 10016351 10013077 10045507 9997109 9973331 10042867 9985559 9962977 9965029 9973511 10034963
10037143 10048307 9986783 9991357 10006111 9979553 10007293 10040717 10021969 10009709 9969283 9993149 9975451 10008773 10033277 9960479 9951973 9966263 10012771
9953717 10048021 10010383 10007801 9995519 9972811 9979877 10026271 10005559 10012229 9979759 9986849 10000867 9959801 10010369 10024307 10029619 10035019 9961583
9984383 9666061 9909337 10034891 10006289 10110553 9864139 9859067 9921851 10155917 10063211 10105961 10079449 10144187 9894559 10254767 9955819 9898177 10091743
